0.7997585584608888	0.9449267629963988	0.09246377902077457	0.6637959330539525	0.7529552598718514	0.14660532425879702	0.058682094024040905	0.4626003874092201	0.9453374318135942	0.5003322784421396	
0.2311755966587691	0.7511110508148211	0.5542755431184493	0.2733881344783119	0.9894321127725946	0.2728967996615809	0.8274002065466826	0.46457138949630944	0.52469746011932	0.4262220455740881	
0.160531076945368	0.3390249916278191	0.23091536951329603	0.1747364878525346	0.8656566181969959	0.8616416681679206	0.8574595132531537	0.17321812375334505	0.7579199456609658	0.8950822466678998	
0.7948915794383145	0.7892232263907131	0.8121585880092057	0.5647611778512907	0.0016328482356747782	0.6380229505180905	0.4030522643498826	0.4569908405334695	0.5258333836293014	0.5508512977669952	
0.5508218609502479	0.0640784075674354	0.6179997105911472	0.17305571402530134	0.8595867329479386	0.9777525353996247	0.7435813700725136	0.4720490232435228	0.8604429920055445	0.0744566459131235	
0.2570861721756157	0.9211513075190808	0.5986624657878226	0.10573683363554286	0.7699963980584653	0.3890531824593201	0.5250067878168488	0.9323377946151464	0.45251993414104985	0.39781979844625703	
0.3841048213706723	0.37160383253483664	0.8975057559509003	0.7031208844349554	0.909877484370342	0.3769312451580407	0.348479919433361	0.5834334078590134	0.5205793997997178	0.4092947269391492	
-0.005655931924970486	0.2607455824276544	0.8438672349975955	0.7850899146427088	0.38600495650320527	0.8658283746507541	0.42934258110562956	0.16989550937385878	0.8056970469263968	0.9101954705080826	
0.7916970509150764	0.31421056097263683	0.8029050897593497	0.8637024793982844	0.47486364977210815	0.9165479805003017	0.346903357941686	0.3312722888528824	0.4852721851963628	0.23161525614398426	
0.277960343232201	0.09897161457227471	-0.003937057342922067	0.8845679034106135	0.8560078422162734	0.6116952942098314	0.7987098817632161	0.30338412288581057	0.8175635210385387	0.7905048152774171	
