0.5787524074630392	0.08501124771700297	0.7308721916654798	0.056364258578648546	0.5652680479796482	0.3717584897794879	0.6626567273640309	
-0.2851631152754728	1.1636342911902449	0.6088561778383521	0.647960047692179	-0.015983974734352372	0.5393573778540168	0.8208011198094733	
0.19895794859472174	-0.613236190269343	0.5133626039558509	0.6998948912788682	0.2539366149756721	0.7441405771078138	0.43245549655412274	
0.19962036554268128	1.3008006033357775	0.25377310369342715	0.23185161147160288	0.7211645318849962	0.5070596263756569	0.9520741897010189	
-0.279455571810073	0.870789254758671	0.03355414436675909	0.5694819500172982	-0.10881183412121127	0.6822309614478277	0.813194180579523	
0.1280730975005596	1.220165745297669	0.012080575438248276	0.4489583415254792	0.08653604456703991	1.343662870112764E-4	0.2865404758691384	
1.2276350234527673	-0.3752492447833309	0.388236898384212	0.985819989816531	0.5108417960091063	0.21876670970351708	0.8600718832907425	
0.9552218173265039	-0.1555148258746948	0.6214675434099711	0.2807601182849195	0.5783859265399433	0.08582523894816936	0.4391019183107047	
0.6958815547442905	-0.07813077701248484	-0.004994409402252722	0.7308501253618291	0.4065621704121409	0.7236365144209882	0.44145691375978374	
0.48089554727364103	1.267571715676289	0.46137347302635323	0.4077613905305683	0.46954321709031005	-7.593607238017451E-4	0.027774473158573097	
