-0.05123908328924894	0.01699552449271542	-1.1197153782675975	-0.3157875238434303	-0.8019545208499426	-0.16386570774827341	-1.7729560526864214	-0.1556469067108661	-0.8048052007740378	-0.14418355729155008	
-1.2977006681140373	-0.8610910931462475	-0.258259894795569	0.5097149636177382	-0.13184324877463738	-1.6994238139566153	0.05181506287978688	0.01608230091002411	-0.9258779654824392	-0.6631674462537408	
-0.21832672583360124	-1.0275114560423708	-1.4765225637479487	-0.8743411801961505	-0.8421683052155851	0.0629224624234875	-0.0017186682314411553	0.005346450796982976	-1.2613803138795026	-0.11653864707859903	
-1.272825992429617	-0.13949409514443306	-0.8080462538981398	-0.7714773951786886	-1.2114923700376738	-0.30670038836544	-0.22409506357015196	-0.6091182779828359	0.30351936573469346	0.010006626137274727	
-0.4585072563126102	-0.20207765655303542	0.09962098402276003	-1.422049029525208	0.026933890815532012	-0.5568025890359584	-0.35693458621256674	0.38253591510434515	-0.6517255317252254	-1.265327858931201	
-0.10777492977835625	-0.4101937005473114	0.24950677772370386	-0.27074383238272265	-0.2043539002607899	-0.1245975758399182	-0.6390647031892915	-1.2388249356662664	0.3040511729412774	-0.3450531705547285	
-0.1021903158617643	-1.1011331218996714	-0.575230218159509	0.16669519834856308	0.04876887624470283	-0.7645899607170372	-1.224504338031567	0.02297696362049461	0.0423673418464038	-0.13094209879855687	
0.09658197078687261	-0.17007094409043652	0.630429370806357	-0.8043284050155247	-1.5308707094438339	-0.80668778419624	0.08158670460872904	-0.6800335842179094	-1.0789738489519618	-0.6496754454834912	
-0.7803880686392789	-0.2933821742639605	-0.6109334647362653	-0.14544496727708994	0.037788016984284044	0.14571395726132855	-0.30091662989589535	-0.7800148581694923	-1.0271208618959988	-0.416352744338815	
0.03148723085962119	0.12458665218225275	-1.0493784678714448	-0.9267222928747931	0.02280988138496162	-1.1380759038041617	-0.22531335053704804	-0.89902082040541	-0.4701886452933343	-0.5376404421222818	
