0.3299942934208992	0.19921066659329015	0.8658907012316145	0.26348371316628616	0.4116296961713663	
0.9291781578350684	0.0476267414875241	0.36828335244193033	0.14496527884704555	0.9443459556778928	
0.7839077641708059	0.7781398265558174	0.3971078898168102	1.0157245931776608	0.9253648311260174	
0.766029460410336	0.8421385095038748	0.04063362675902755	0.3900374434104059	0.11919390355548701	
0.6563085971174693	0.9229362946869137	0.613121774372936	0.4708127870361731	0.8084837077039648	
0.9769691250691109	-0.005640402364849412	0.8810463886325142	0.016447387027146137	0.3521918883266032	
0.3233233071689204	0.5686789273310218	0.38630114810348143	0.6330590439754759	0.5888820477954368	
0.8451625630285635	0.78748867579469	0.08018968298271392	0.26209592356856276	-9.289702385582374E-4	
0.8412094636566592	0.8990493758997677	0.6898090298056211	0.7368142713912332	0.1754783132088076	
0.41752931523037123	0.12122954918461634	0.49126983353943504	0.4052917496859895	0.9351557428863043	
