0.7891092554846446	0.9259046318238789	0.06037664397383643	0.6525721462485764	0.7363517820964846	0.12754342220098958	0.022735917443836535	0.4451566399930492	0.9389824090850655	0.48697329742288925	
0.2053791923009133	0.7411283537983204	0.5567990392640659	0.25117591324560634	0.98628041813984	0.2326572378140439	0.8570434499183986	0.39909005076828447	0.4922284370524372	0.39391712048321353	
0.14268572780735125	0.34016548370057265	0.2088909954125968	0.14474058398465933	0.8530198554042067	0.8494783956568384	0.8291966371195214	0.1313925040021532	0.7283582146094462	0.8825263408191423	
0.7785524601854659	0.7870474802124662	0.8007051311422827	0.5449549075677913	-0.021524766124817955	0.6217004222627436	0.3922997097996446	0.43387132043958576	0.509947270446585	0.5392879879417228	
0.5316998751423776	0.023509436133398613	0.5942433434997947	0.14416266156620952	0.8387533250050707	0.9636228067193876	0.7235213245012626	0.4604494421628747	0.8548223196611823	0.046687519591946974	
0.23925142138829447	0.9040760187292748	0.5759517039930763	0.0895409234861423	0.7411378775799811	0.3777388538130436	0.5006696921936944	0.9430728736861098	0.43648677248671813	0.38289916952891306	
0.3651493467782751	0.3425438441526641	0.8856239745747096	0.6869483653079739	0.9117747207430567	0.3417468292883124	0.302288680448032	0.5754159668057832	0.4879347939628491	0.3848311322140716	
-0.03540946587125513	0.22377149873489516	0.8255261510937194	0.7737278677436383	0.3559912428889459	0.8450996780936285	0.40668513663229616	0.14977244225642458	0.8061671161847724	0.8999451055389944	
0.7788095860815433	0.30417427723748797	0.7861138678611601	0.8470606947886624	0.4581608676867937	0.9038063676628351	0.33006215791807103	0.3091272999270498	0.4537702162197349	0.21068225788733416	
0.26058993577427547	0.06644785872876335	-0.03131601773706293	0.87373421624701	0.8291434225883113	0.593990781018183	0.7874365393753967	0.2970361401897631	0.8044283549201744	0.7700580112349147	
